,year,CIK,AssetsCurrent,LiabilitiesCurrent,NetCashProvidedByUsedInOperatingActivities,NetCashProvidedByUsedInInvestingActivities,NetCashProvidedByUsedInFinancingActivities,CashAndCashEquivalentsPeriodIncreaseDecrease,OperatingIncomeLoss,NetIncomeLoss,ticker,SPY
0,2009,1140859,9953753000,9479610000,783763000,-148349000.0,-504160000,131254000,883749000,503397000,ABC,230.065
1,2009,829224,2035800000,1581000000,1389000000,-421100000.0,-642200000,330000000,562000000,390800000,SBUX,230.065
2,2009,796343,2473624000,844553000,1117772000,-1497096000.0,477658000,113037000,690513000,386508000,ADBE,230.065
3,2009,875045,2480595000,714942000,1074898000,-395031000.0,-724151000,-44284000,1295427000,970132000,BIIB,230.065
4,2009,100885,3680000000,2682000000,3234000000,-2175000000.0,-458000000,601000000,3392000000,1898000000,UNP,230.065
5,2009,1022079,1679425000,1059212000,997418000,-195904000.0,-521204000,280310000,1359111000,729111000,DGX,230.065
6,2009,823768,3010000000,2901000000,2362000000,-1250000000.0,-457000000,660000000,1887000000,994000000,WM,230.065
7,2009,1306830,2856000000,1607000000,596000000,31000000.0,-112000000,578000000,290000000,488000000,CE,230.065
8,2009,7332,564501000,536416000,1359376000,-1780604000.0,238135000,-183093000,-34966000,-35650000,SWN,230.065
9,2009,1018963,1997600000,624600000,218500000,-453700000.0,474100000,238900000,92700000,31700000,ATI,230.065
10,2010,103379,2629356000,1092583000,973485000,-316876000.0,-319343000,349705000,736817000,461271000,VFC,250.11899999999997
11,2010,40704,3480000000,3769100000,2181200000,-721200000.0,-1503800000,-76600000,2606100000,1530500000,GIS,250.11899999999997
12,2010,731802,875192000,1166079000,726476000,-542702000.0,-163025000,20749000,489436000,205839000,ATO,250.11899999999997
13,2010,755001,117100000,126900000,25900000,-49600000.0,24900000,1200000,28000000,9600000,UTL,250.11899999999997
21,2010,876167,483858000,237676000,96201000,-45163000.0,68164000,110686000,67670000,48571000,PRGS,250.11899999999997
22,2010,1133421,9904000000,8386000000,2453000000,-761000000.0,-1266000000,426000000,788000000,376000000,NOC,250.11899999999997
23,2011,91440,1765500000,881100000,140400000,-303000000.0,34800000,-127200000,331400000,186500000,SNA,254.2
24,2011,91440,1530700000,583800000,140400000,-303000000.0,34800000,-127200000,331400000,186500000,SNA,254.2
25,2010,48898,1226100000,445000000,266200000,-54700000.0,45500000,262200000,367800000,217200000,HUBB,250.11899999999997
26,2010,6201,6838000000,8780000000,1241000000,-2030000000.0,804000000,15000000,308000000,-471000000,AAL,250.11899999999997
27,2010,931148,545884000,220643000,144922000,-321552000.0,138240000,-38390000,159182000,175068000,EAF,250.11899999999997
28,2010,931148,545884000,220643000,144922000,-321552000.0,138240000,-38390000,158040000,174660000,EAF,250.11899999999997
35,2010,350894,683719000,127600000,229326000,-41475000.0,-282436000,-94585000,217533000,231687000,SEIC,250.11899999999997
36,2010,1048477,504260000,83844000,18746000,-101342000.0,3504000,-79092000,544000,205819000,BMRN,250.11899999999997
37,2010,821189,2527446000,2220099000,2708602000,-4902774000.0,2303419000,103102000,523319000,160654000,EOG,250.11899999999997
38,2010,313927,649481000,447092000,428482000,-180448000.0,-503724000,-257941000,444953000,270717000,CHD,250.11899999999997
39,2010,29989,10194100000,11023100000,1488000000,-293700000.0,-537300000,701700000,439700000,246400000,OMC,250.11899999999997
40,2010,940942,329160000,167418000,37654000,-24798000.0,-24590000,-11719000,69882000,43458000,HUBG,250.11899999999997
41,2010,917520,444849000,200032000,105571000,-42316000.0,-1574000,56872000,98694000,65669000,IART,250.11899999999997
42,2011,105319,190442000,539135000,281484000,-28646000.0,-256812000,-5603000,390345000,194235000,WW,254.2
43,2011,1108524,1074924000,1276466000,459081000,-1062554000.0,14074000,-587014000,-391000,10913000,CRM,254.2
44,2011,914025,617720000,93602000,158232000,-169911000.0,-55371000,-65586000,140712000,109243000,POLY,254.2
45,2011,1285785,6684900000,1928500000,2426700000,-572100000.0,-585000000,1383400000,2664200000,2514600000,MOS,254.2
46,2011,66382,478100000,272200000,91100000,-31400000.0,-50200000,13800000,123300000,70800000,MLKN,254.2
47,2011,842023,230417000,18188000,127194000,-114185000.0,-36288000,-16526000,163055000,112302000,TECH,254.2
48,2011,912603,653999000,233313000,140463000,-399901000.0,279951000,19120000,56255000,36708000,SCHN,254.2
49,2011,1041803,292777000,218227000,75599000,-39445000.0,-30640000,3471000,90880000,61750000,PSMT,254.2
57,2011,720500,174851000,80794000,15426000,-6238000.0,2058000,10618000,38279000,22882000,ASYS,254.2
65,2011,38777,7616768000,1312064000,1621778000,435913000.0,-968185000,1074897000,2659827000,1923580000,BEN,254.2
66,2011,1005210,297822000,151514000,132786000,-19505000.0,-120636000,-7355000,143228000,114966000,SPH,254.2
67,2011,63296,369846000,161741000,95564000,-106812000.0,10403000,556000,118516000,72372000,MATW,254.2
68,2011,897723,2629246000,1265885000,234908000,-98105000.0,-88954000,47476000,211997000,68917000,SANM,254.2
69,2011,90168,39658000,14434000,10220000,-22713000.0,283000,-12210000,10855000,7449000,SIF,254.2
77,2011,1074828,1662909,4865384,-1312291,-107633.0,1428300,8376,-2259491,-2409756,KNWN,254.2
78,2011,1124941,678865000,268034000,79290000,-47832000.0,-5045000,25891000,103742000,59220000,BECN,254.2
79,2011,844059,34694000,18232000,20601000,-11603000.0,-5123000,3875000,14369000,12211000,FRPH,254.2
87,2011,47217,51021000000,50442000000,12639000000,-13959000000.0,-1566000000,-2886000000,9677000000,7074000000,HPQ,254.2
88,2011,1117171,197228929,302600446,35318299,-31045559.0,-2800346,2269604,-14172489,-24537364,CBAT,254.2
89,2011,936395,1332838000,453493000,-90485000,-68570000.0,13202000,-146791000,-163193000,-195521000,CIEN,254.2
97,2011,716688,2297142,639032,466023,-281302.0,-392555,-207834,207069,242915,MFCO,254.2
98,2011,1069533,31004245,31027444,10683344,-7589102.0,-1888443,1205799,9313046,4653473,RGCO,254.2
99,2011,1048268,161124000,98287000,-11852000,15343000.0,-838000,2653000,-35348000,-37693000,IESC,254.2
100,2011,1492617,4,16760,-16413,0.0,14481,-1932,-27256,-27256,PGLO,254.2
101,2011,788329,176445000,65000000,30980000,-13323000.0,-8648000,11198000,17670000,32644000,JOUT,254.2
102,2011,808326,91351000,67058000,-6289000,-15286000.0,17887000,-4346000,-32527000,-34219000,EMKR,254.2
110,2011,30831,15644122,6207295,3766380,-1780194.0,-1745126,367874,2243835,1348734,DYSL,254.2
118,2011,1502152,21942,31625,-52480,0.0,65500,13020,-54105,-54105,GSTC,254.2
126,2011,40570,7108000,6121000,-2290000,-284000.0,1943000,-631000,556000,358000,JOB,254.2
134,2011,12040,8293000,6473000,4352000,-4172000.0,-2363000,-2183000,3127000,1449000,BDL,254.2
135,2011,1397016,8011000,1795000,1114000,-31000.0,-599000,484000,78000,591000,OPXS,254.2
136,2011,1497649,714818,255087,477266,-3398308.0,3217349,296307,330404,-1109397,GSTX,254.2
137,2011,1174891,12998,71513,-52996,1.0,35000,-18550,-57658,68857,BUUZ,254.2
145,2011,810136,305207000,95901000,136553000,-100737000.0,54525000,90983000,75467000,16229000,PLAB,254.2
146,2011,797465,62522000,16456000,-7307000,-4407000.0,1882000,-9832000,-6779000,-5025000,STLY,254.2
147,2011,1304161,9607782,2523637,2140273,-123111.0,-25162,1999557,3451998,3158981,PBSV,254.2
155,2011,1081745,68,81832,-83871,-22061.0,106000,68,-10149,-15812,INLX,254.2
156,2011,1181749,27542361,13680184,11879586,-50020.0,-9429231,2400335,12165367,12291856,GFGY,254.2
157,2011,1177394,2438415000,1372253000,219153000,-126388000.0,-114443000,-20467000,256228000,150331000,SNX,254.2
158,2011,94845,1743221000,872261000,1848000,-140957000.0,77707000,-65184000,336393000,137953000,LEVI,254.2
159,2011,1393883,83603000,83972000,64494000,-10614000.0,-41595000,12207000,54947000,34100000,DHX,254.2
160,2011,1272830,124770000,204955000,146786000,-37604000.0,-130138000,-20071000,116350000,409044000,VG,254.2
161,2011,1048286,1324000000,2558000000,1089000000,-247000000.0,-1245000000,-403000000,526000000,198000000,MAR,254.2
162,2011,45012,11577000000,4121000000,3684000000,-3190000000.0,833000000,1300000000,4737000000,2839000000,HAL,254.2
163,2011,1141391,7741000000,4217000000,2684000000,-748000000.0,-1215000000,667000000,-10000000,19000000,MA,254.2
164,2011,65759,19016,1673,1468,-1807.0,-258,-597,2416,1643,MPAD,254.2
165,2011,1051470,599152000,402106000,643454000,-399865000.0,-275712000,-32411000,176846000,48911000,CCI,254.2
166,2011,1306830,2703000000,1385000000,638000000,-441000000.0,-253000000,-58000000,690000000,607000000,CE,254.2
167,2011,1047127,996830000,642186000,516832000,-430534000.0,-58877000,29633000,193670000,91808000,AMKR,254.2
168,2011,50863,25872000000,12028000000,20963000000,-10301000000.0,-11100000000,-433000000,17477000000,12942000000,INTC,254.2
169,2011,931148,731950000,277253000,76597000,-161966000.0,85461000,92000,166009000,153184000,EAF,254.2
170,2011,20520,1270030000,1183216000,1572681000,-762672000.0,-735178000,74831000,230457000,42247000,FYBR,254.2
171,2011,877890,1373030000,1179130000,679122000,-451181000.0,-292614000,-62866000,135814000,108699000,CTXS,254.2
172,2011,21344,25497000000,24283000000,9474000000,-2524000000.0,-2234000000,4286000000,10154000000,8572000000,KO,254.2
173,2011,1408075,1314100000,645500000,387800000,-211800000.0,-42200000,133100000,63100000,265600000,GPK,254.2
200,2011,1013462,740033000,438751000,307661000,-291643000.0,-9676000,-651000,265559000,180675000,ANSS,254.2
201,2011,768899,280615000,112289000,30589000,-26938000.0,-57215000,-53842000,47834000,30791000,TBI,254.2
202,2011,1144980,792500000,636300000,-181100000,34300000.0,136900000,-9900000,133900000,67900000,ABG,254.2
203,2011,1001601,4204000,786000,-7635000,1968000.0,639000,-4730000,-7862000,-4549000,MGTI,254.2
204,2011,1010086,52978703,6922777,25574036,14758260.0,2592581,42924877,-31381437,13594176,SIGA,254.2
205,2011,1023364,22324000,8291000,2204000,164000.0,22000,2390000,725000,416000,AUTO,254.2
206,2011,1085869,74988000,23512000,14320000,-8785000.0,-8538000,-2975000,18532000,10747000,PRFT,254.2
207,2011,77877,173050000,195046000,166834000,-456401000.0,243433000,-46134000,39833000,13437000,PDCE,254.2
208,2011,1046327,249563000,88776000,-708000,6624000.0,-133542000,-129685000,-37610000,-27100000,RNWK,254.2
209,2011,1274494,2613261000,973724000,-33463000,-676457000.0,571218000,-160070000,-68664000,-39493000,FSLR,254.2
210,2011,1082324,74470000,6356000,-18252000,28968000.0,4131000,14847000,-17376000,-17263000,VHC,254.2
211,2011,1082324,74470000,6356000,-18252000,28968000.0,4131000,14847000,-6690000,-6215000,VHC,254.2
214,2011,1124804,680649000,510757000,268754000,-95674000.0,-143639000,28350000,136544000,73609000,MDRX,254.2
215,2011,789933,1375100000,891200000,155200000,-32700000.0,-42000000,76700000,174100000,162100000,NC,254.2
216,2011,1403431,44474000,28932000,4903000,45615000.0,21141000,-19571000,2496000,1474000,HCCI,254.2
217,2011,1075736,21552000,13171000,-1648000,-2396000.0,-1505000,-5549000,-5891000,-6230000,CXDO,254.2
218,2011,1092662,8991582,2857626,2268408,-726680.0,-667125,874603,1087887,6208791,CEMI,254.2
219,2011,102752,178447000,107324000,34260000,-182921000.0,143348000,-5313000,36680000,20552000,VSEC,254.2
220,2011,1040161,26097000,12887000,-735000,11836000.0,-12881000,-1780000,-7805000,-6566000,PXLW,254.2
221,2011,1062822,285790000,21390000,-87938000,69955000.0,157084000,139101000,-114095000,-116215000,LXRX,254.2
222,2011,906553,342894000,472020000,253510000,-362787000.0,142410000,33133000,233104000,-3854000,BYD,254.2
223,2011,2098,46522364,8704020,2063068,-4169552.0,3428433,1251927,4284964,2811193,ACU,254.2
224,2011,886744,125625000,13444000,-62392000,32139000.0,386000,-29867000,-96116000,-96853000,GERN,254.2
225,2011,1069878,102054000,120628000,33847000,-9367000.0,-47224000,-22744000,2171000,-11588000,TREX,254.2
226,2011,868278,13195000,7853000,-2108000,-134000.0,-449000,-2691000,-2738000,-2710000,PRPH,254.2
227,2011,45919,275517000,205069000,60665000,-17551000.0,-42178000,782000,75406000,44198000,HHS,254.2
228,2011,1078207,58087000,38648000,4598000,-852000.0,-32000,3131000,3599000,1420000,NLS,254.2
229,2011,1322439,55890837,69121710,58296117,-157786210.0,-4556384,-104046477,31668291,-14819749,EGLE,254.2
230,2011,874238,164023000,69285000,20988000,-42706000.0,-11352000,-33070000,14766000,-35900000,STRL,254.2
231,2011,1162461,106095000,17020000,-5168000,5287000.0,1382000,1501000,-10432000,-10061000,CUTR,254.2
232,2011,902791,128957000,79318000,31355000,-4176000.0,-8532000,18647000,3934000,14318000,BBSI,254.2
233,2011,1220754,158093398,106886803,31038238,-14615765.0,-34455563,-18076783,36639165,16940194,MODV,254.2
234,2011,1289340,34236171,40832389,-31569278,-1031749.0,11307127,-21293900,-31941208,-32031175,STXS,254.2
235,2011,749647,31508485,6152424,-22742437,-11087088.0,52836463,19006938,-23018769,-23222678,CLSN,254.2
236,2011,891532,51775000,40226000,20759000,-12985000.0,4180000,11954000,11737000,14064000,PESI,254.2
237,2011,814549,63817000,49779000,71286000,-13320000.0,-55537000,299000,68748000,71378000,EBIX,254.2
246,2011,29332,100999000,34582000,5054000,-6735000.0,1735000,54000,5668000,986000,DXYN,254.2
247,2011,822411,6744454,1761289,-6383742,-84392.0,7801526,1333392,-8625502,-5719903,IMUC,254.2
248,2011,8328,10524447,3948611,-4699735,-270387.0,13498318,8528196,-7167107,-7482636,AMNL,254.2
312,2011,1080340,7264363,1501103,381297,-1404880.0,859465,-164118,369077,256524,LOAN,254.2
313,2011,1054274,603908,337193,-2196825,73209.0,990000,-1133616,-13848673,-13853203,ADYX,254.2
314,2011,1411036,41599,3434145,-280510,0.0,274537,-5973,5798181,7409364,CLTH,254.2
315,2011,1358099,299731,427415,-73187,0.0,370420,297233,-86958,-116622,UCIX,254.2
316,2011,1358099,299731,427415,-73187,0.0,370420,297233,-58925,-88589,UCIX,254.2
323,2011,708821,77010000,38565000,11001000,-8361000.0,-1579000,967000,-20792000,-15532000,PAR,254.2
324,2011,1088034,4086922,4298666,2404869,-4880.0,300000,2699989,372999,351848,USIO,254.2
325,2012,912615,596992000,233466000,282702000,55292000.0,-532347000,-194984000,284725000,185251000,URBN,353.76500000000004
326,2011,1127993,35612,545818,-162007,0.0,175000,12993,-257398,-570302,GAXY,254.2
327,2012,895447,316261000,75760000,30875000,-21155000.0,689000,10409000,42137000,26382000,SCVL,353.76500000000004
328,2011,1132509,232,354845,-21900,0.0,21850,-50,-379217,-475515,NNAX,254.2
329,2012,1223389,452558000,94674000,64517000,-4386000.0,-64843000,-4712000,29701000,-3723000,CONN,353.76500000000004
330,2011,1415332,1044125,21730,-487498,-26214.0,84984,-428728,-610168,-590911,LTUM,254.2
338,2011,1140102,5437131,3601059,-627321,-128664.0,220000,-535985,886536,853903,HQI,254.2
339,2012,798081,73707953,9453188,-4459,-4871932.0,4616379,-242031,1437567,-376825,LAKE,353.76500000000004
340,2011,1393772,3356,243116,-123736,0.0,122636,-1100,2086635,2090135,BUDZ,254.2
341,2011,1514443,372411,844992,-65566,-47016.0,256290,143708,-1142453,-1171921,AGSS,254.2
349,2012,730255,39789000,23601000,12432000,-510000.0,-10562000,1360000,7370000,5218000,CAMP,353.76500000000004
350,2011,819689,9010271,2891593,926488,-3186060.0,-344659,-2604231,-1218783,-1337472,MICR,254.2
351,2012,724910,26170233,1667905,12811910,-12219619.0,36,592327,14273048,11381095,NVEC,353.76500000000004
352,2012,914122,82434000,39486000,-190000,-10068000.0,-1866000,-12509000,-5091000,-4987000,PPIH,353.76500000000004
356,2012,1172178,170020,4457613,-1164147,-29656.0,249357,-944446,-2115952,-2461459,LBSR,353.76500000000004
357,2012,1439288,1018300000,467300000,139300000,-324200000.0,93200000,-93000000,241800000,29900000,ZWS,353.76500000000004
358,2012,1295947,147035000,63923000,67452000,-662206000.0,600434000,5681000,102823000,37212000,PBH,353.76500000000004
359,2012,91668,11493000,1858000,876000,-431000.0,1000,446000,744000,746000,SODI,353.76500000000004
360,2012,1164256,626778,3848154,-37700,-231388.0,285100,16012,-795870,-1596208,DBRM,353.76500000000004
361,2012,10254,10006000,3434000,5278000,-2467000.0,-84000,2727000,3862000,3279000,ESTE,353.76500000000004
369,2012,927355,165763400,99983600,21745500,-6513700.0,-5198400,10033400,27003800,16436900,TESS,353.76500000000004
370,2012,67347,427531000,297551000,45758000,-65010000.0,18754000,-1485000,67524000,38461000,MOD,353.76500000000004
378,2012,931059,8294000,582000,-3108000,3328000.0,0,245000,-2515000,-1429000,RNVA,353.76500000000004
386,2012,709283,281221000,210053000,45660000,-21974000.0,-48353000,-24749000,5192000,-8809000,QMCO,353.76500000000004
394,2012,1372183,61056,14607206,-4822423,-305000.0,4720595,-406828,-13957397,-13651066,NXTP,353.76500000000004
395,2012,915779,229006000,109173000,20038000,-18753000.0,-26284000,-24885000,10275000,8489000,DAKT,353.76500000000004
396,2012,1173204,63393000,60436000,39938000,-17315000.0,-15528000,7095000,15194000,-23040000,CIDM,353.76500000000004
397,2012,102109,11786272,1293765,-3823293,556870.0,-275896,-3542319,-1449572,-503288,UUU,353.76500000000004
405,2012,1289636,8143468,1494182,1604135,-1487628.0,0,225491,4367617,3187771,PFIE,353.76500000000004
406,2012,65270,240433000,91877000,24825000,-32097000.0,37899000,29352000,11357000,8383000,MEI,353.76500000000004
407,2012,924805,41210068,20046765,15278079,136255136.0,-109269699,42263516,-23963932,-139216221,FRHC,353.76500000000004
408,2012,1053369,1497840,4549109,-394082,-657790.0,-105580,-1157451,-1966138,-15058274,ELTP,353.76500000000004
409,2012,794619,131102000,59221000,16053000,-9918000.0,5065000,11200000,-33446000,-20786000,AMWD,353.76500000000004
410,2012,923601,5277443,6291220,-237484,-165216.0,-4547,-407247,470912,463116,MICS,353.76500000000004
411,2011,1013880,478282000,170011000,113799000,-86931000.0,15891000,36986000,93454000,74174000,TTEC,254.2
412,2012,1285785,6581100000,1917700000,2705800000,-1627400000.0,-1061100000,-95400000,2611100000,1930200000,MOS,353.76500000000004
420,2012,34956,2631032,3126870,-8278366,-261146.0,9467440,927928,8220197,15712410,TENX,353.76500000000004
421,2012,1084765,228235000,61651000,36370000,-20528000.0,-49109000,-34500000,73092000,41142000,RGP,353.76500000000004
422,2012,1165320,7249,1269516,-96518,0.0,51000,-45518,-102841,-14763,GBLX,353.76500000000004
423,2012,1123360,1248739000,837285000,-173475000,-150433000.0,-218186000,-573010000,9811000,5086000,GPN,353.76500000000004
431,2012,1002638,789274000,476513000,266490000,-281539000.0,302584000,275607000,149360000,125174000,OTEX,353.76500000000004
439,2012,1137789,6310000000,3396000000,3262000000,-1114000000.0,-3118000000,-970000000,3108000000,2862000000,STX,353.76500000000004
440,2012,80424,21910000000,24907000000,13284000000,-1093000000.0,-10410000000,1668000000,3063000000,3631000000,PG,353.76500000000004
441,2012,1399855,37252000,12667000,12857000,-9381000.0,-13534000,-10058000,9160000,5049000,NAUH,353.76500000000004
442,2012,109563,665762000,230169000,90422000,-39434000.0,-60816000,-12650000,168395000,108779000,AIT,353.76500000000004
443,2011,1075857,297712,2115039,-20580,0.0,41287,20707,-687802,-1761019,VSYM,254.2
444,2012,1114925,21831000,9904000,-2523000,-639000.0,8700000,5538000,-2788000,-3040000,LTRX,353.76500000000004
452,2012,910406,448808000,202809000,121960000,-270664000.0,147423000,2378000,151528000,79225000,HAIN,353.76500000000004
453,2012,96536,20981560,7181252,-1113720,-1556239.0,550377,-2119582,2887081,2198931,TAYD,353.76500000000004
454,2012,842023,346507000,35750000,126746000,-21668000.0,-64625000,39062000,166209000,112331000,TECH,353.76500000000004
455,2012,1040470,10928000,4855000,-4875000,1330000.0,1576000,-1947000,-4507000,-3389000,AEHR,353.76500000000004
456,2012,918965,1031930000,498401000,59958000,-12790000.0,-42292000,426000,113516000,74288000,SCSC,353.76500000000004
457,2012,1387467,193781000,63919000,32881000,-57931000.0,20462000,-4542000,16735000,12917000,AOSL,353.76500000000004
458,2011,1042187,23300969,17688994,817973,-1106907.0,-135465,-423351,1437702,483910,CTIB,254.2
459,2011,1095981,43337000,7821000,-35323000,-560000.0,20137000,-15746000,-29412000,-32451000,PSTV,254.2
460,2012,1477246,17423189,1903263,34124,-543484.0,5006311,4496951,619614,374835,SANW,353.76500000000004
461,2011,1419995,315667,3383600,-2885668,10641.0,2800423,-74604,-4313761,-4472848,DNAX,254.2
462,2012,65312,10555618,2575932,38053,-65446.0,-351687,-379080,808738,511689,EVI,353.76500000000004
464,2012,918251,168231000,170419000,-38488000,-1591000.0,70182000,30140000,-27487000,-48514000,MPAA,353.76500000000004
465,2012,1368275,353048,119677,-340757,-40460.0,695696,313202,-305240,-305309,WESC,353.76500000000004
473,2011,737207,2576000,4639000,-16117000,3000.0,16024000,-90000,-34995000,-29424000,ATRX,254.2
474,2012,1422892,9786401,8032427,-355667,-42680.0,-28097,-445495,-2924314,-1768075,SGLY,353.76500000000004
475,2012,912603,516819000,178842000,244790000,-84266000.0,-120052000,40401000,-1367000,-485000,SCHN,353.76500000000004
483,2011,1083490,8591116,22370788,-4875740,-2622980.0,5840436,-1596904,-825188,-1416822,SRRE,254.2
491,2011,914208,3834100000,2974400000,964800000,348100000.0,-1322100000,-9200000,898100000,729700000,IVZ,254.2
492,2012,1512927,1491618,1137964,-344495,-24557.0,304872,-39002,-376646,-103468,CUII,353.76500000000004
493,2012,1379006,14589159,1779615,-4217986,-58552.0,9327500,5050962,-6081749,-6207207,NNVC,353.76500000000004
494,2012,1409624,156552,1013383,103763,-26022.0,0,77741,-42099,-112947,HMLA,353.76500000000004
495,2012,897723,2326299000,1219547000,215413000,-78027000.0,-366813000,-230670000,137490000,180234000,SANM,353.76500000000004
496,2012,829224,4199600000,2209800000,1750300000,-974000000.0,-745500000,40500000,1997400000,1383800000,SBUX,353.76500000000004
497,2012,1260221,1050531000,233915000,413885000,-876292000.0,527186000,64341000,699775000,324969000,TDG,353.76500000000004
498,2012,1124941,630775000,295949000,85361000,-157035000.0,-31824000,-102822000,143672000,75565000,BECN,353.76500000000004
506,2012,1005210,338280000,253715000,110973000,-239758000.0,113549000,-15236000,42901000,1882000,SPH,353.76500000000004
507,2012,63296,385225000,180873000,82123000,-45274000.0,-40971000,-3403000,21852000,12975000,MATW,353.76500000000004
508,2012,784539,31201000,13815000,2889000,700000.0,-2313000,1200000,4322000,2420000,EACO,353.76500000000004
509,2012,1443388,0,612744,-779799,0.0,668000,-111799,-1132465,-1238054,GRYN,353.76500000000004
510,2012,716688,1926819,377683,86598,-192398.0,-130068,-235868,9046,75801,MFCO,353.76500000000004
518,2012,936395,1415690000,684970000,107089000,-11977000.0,7940000,100548000,-79846000,-144021000,CIEN,353.76500000000004
