,year,CIK,AssetsCurrent,LiabilitiesCurrent,NetCashProvidedByUsedInOperatingActivities,NetCashProvidedByUsedInInvestingActivities,NetCashProvidedByUsedInFinancingActivities,CashAndCashEquivalentsPeriodIncreaseDecrease,OperatingIncomeLoss,NetIncomeLoss,ticker,10yrReturns,SPY
5,2009,1022079,1679425000,1059212000,997418000,-195904000.0,-521204000,280310000,1359111000,729111000,DGX,81.64,230.065
6,2009,823768,3010000000,2901000000,2362000000,-1250000000.0,-457000000,660000000,1887000000,994000000,WM,265.08,230.065
7,2009,1306830,2856000000,1607000000,596000000,31000000.0,-112000000,578000000,290000000,488000000,CE,692.905,230.065
8,2009,7332,564501000,536416000,1359376000,-1780604000.0,238135000,-183093000,-34966000,-35650000,SWN,-88.035,230.065
9,2009,1018963,1997600000,624600000,218500000,-453700000.0,474100000,238900000,92700000,31700000,ATI,-2.913,230.065
10,2010,103379,2629356000,1092583000,973485000,-316876000.0,-319343000,349705000,736817000,461271000,VFC,630.394,250.11899999999997
11,2010,40704,3480000000,3769100000,2181200000,-721200000.0,-1503800000,-76600000,2606100000,1530500000,GIS,104.657,250.11899999999997
12,2010,731802,875192000,1166079000,726476000,-542702000.0,-163025000,20749000,489436000,205839000,ATO,410.116,250.11899999999997
13,2010,755001,117100000,126900000,25900000,-49600000.0,24900000,1200000,28000000,9600000,UTL,303.871,250.11899999999997
21,2010,876167,483858000,237676000,96201000,-45163000.0,68164000,110686000,67670000,48571000,PRGS,124.804,250.11899999999997
22,2010,1133421,9904000000,8386000000,2453000000,-761000000.0,-1266000000,426000000,788000000,376000000,NOC,770.519,250.11899999999997
23,2011,91440,1765500000,881100000,140400000,-303000000.0,34800000,-127200000,331400000,186500000,SNA,251.88299999999998,254.2
24,2011,91440,1530700000,583800000,140400000,-303000000.0,34800000,-127200000,331400000,186500000,SNA,251.88299999999998,254.2
25,2010,48898,1226100000,445000000,266200000,-54700000.0,45500000,262200000,367800000,217200000,HUBB,293.347,250.11899999999997
26,2010,6201,6838000000,8780000000,1241000000,-2030000000.0,804000000,15000000,308000000,-471000000,AAL,544.5120000000001,250.11899999999997
27,2010,931148,545884000,220643000,144922000,-321552000.0,138240000,-38390000,159182000,175068000,EAF,-13.786999999999999,250.11899999999997
28,2010,931148,545884000,220643000,144922000,-321552000.0,138240000,-38390000,158040000,174660000,EAF,-13.786999999999999,250.11899999999997
35,2010,350894,683719000,127600000,229326000,-41475000.0,-282436000,-94585000,217533000,231687000,SEIC,318.129,250.11899999999997
36,2010,1048477,504260000,83844000,18746000,-101342000.0,3504000,-79092000,544000,205819000,BMRN,343.483,250.11899999999997
37,2010,821189,2527446000,2220099000,2708602000,-4902774000.0,2303419000,103102000,523319000,160654000,EOG,80.023,250.11899999999997
