,year,CIK,AssetsCurrent,LiabilitiesCurrent,NetCashProvidedByUsedInOperatingActivities,NetCashProvidedByUsedInInvestingActivities,NetCashProvidedByUsedInFinancingActivities,CashAndCashEquivalentsPeriodIncreaseDecrease,OperatingIncomeLoss,NetIncomeLoss,ticker,10yrReturns,SPY
38,2010,313927,649481000,447092000,428482000,-180448000.0,-503724000,-257941000,444953000,270717000,CHD,434.782,250.11899999999997
39,2010,29989,10194100000,11023100000,1488000000,-293700000.0,-537300000,701700000,439700000,246400000,OMC,163.147,250.11899999999997
40,2010,940942,329160000,167418000,37654000,-24798000.0,-24590000,-11719000,69882000,43458000,HUBG,89.7,250.11899999999997
41,2010,917520,444849000,200032000,105571000,-42316000.0,-1574000,56872000,98694000,65669000,IART,200.623,250.11899999999997
42,2011,105319,190442000,539135000,281484000,-28646000.0,-256812000,-5603000,390345000,194235000,WW,-36.702,254.2
43,2011,1108524,1074924000,1276466000,459081000,-1062554000.0,14074000,-587014000,-391000,10913000,CRM,545.124,254.2
44,2011,914025,617720000,93602000,158232000,-169911000.0,-55371000,-65586000,140712000,109243000,POLY,-22.692999999999998,254.2
45,2011,1285785,6684900000,1928500000,2426700000,-572100000.0,-585000000,1383400000,2664200000,2514600000,MOS,-63.243,254.2
46,2011,66382,478100000,272200000,91100000,-31400000.0,-50200000,13800000,123300000,70800000,MLKN,51.278999999999996,254.2
47,2011,842023,230417000,18188000,127194000,-114185000.0,-36288000,-16526000,163055000,112302000,TECH,433.171,254.2
48,2011,912603,653999000,233313000,140463000,-399901000.0,279951000,19120000,56255000,36708000,SCHN,-35.498000000000005,254.2
49,2011,1041803,292777000,218227000,75599000,-39445000.0,-30640000,3471000,90880000,61750000,PSMT,164.87099999999998,254.2
57,2011,720500,174851000,80794000,15426000,-6238000.0,2058000,10618000,38279000,22882000,ASYS,-75.529,254.2
65,2011,38777,7616768000,1312064000,1621778000,435913000.0,-968185000,1074897000,2659827000,1923580000,BEN,-8.871,254.2
66,2011,1005210,297822000,151514000,132786000,-19505000.0,-120636000,-7355000,143228000,114966000,SPH,-33.367999999999995,254.2
