,year,CIK,AssetsCurrent,LiabilitiesCurrent,NetCashProvidedByUsedInOperatingActivities,NetCashProvidedByUsedInInvestingActivities,NetCashProvidedByUsedInFinancingActivities,CashAndCashEquivalentsPeriodIncreaseDecrease,OperatingIncomeLoss,NetIncomeLoss,ticker,10yrReturns,SPY
201,2011,768899,280615000,112289000,30589000,-26938000.0,-57215000,-53842000,47834000,30791000,TBI,-0.054,254.2
202,2011,1144980,792500000,636300000,-181100000,34300000.0,136900000,-9900000,133900000,67900000,ABG,660.661,254.2
203,2011,1001601,4204000,786000,-7635000,1968000.0,639000,-4730000,-7862000,-4549000,MGTI,-97.468,254.2
204,2011,1010086,52978703,6922777,25574036,14758260.0,2592581,42924877,-31381437,13594176,SIGA,-46.46,254.2
205,2011,1023364,22324000,8291000,2204000,164000.0,22000,2390000,725000,416000,AUTO,-41.364000000000004,254.2
206,2011,1085869,74988000,23512000,14320000,-8785000.0,-8538000,-2975000,18532000,10747000,PRFT,265.46,254.2
207,2011,77877,173050000,195046000,166834000,-456401000.0,243433000,-46134000,39833000,13437000,PDCE,-53.00899999999999,254.2
208,2011,1046327,249563000,88776000,-708000,6624000.0,-133542000,-129685000,-37610000,-27100000,RNWK,-85.996,254.2
209,2011,1274494,2613261000,973724000,-33463000,-676457000.0,571218000,-160070000,-68664000,-39493000,FSLR,-23.754,254.2
210,2011,1082324,74470000,6356000,-18252000,28968000.0,4131000,14847000,-17376000,-17263000,VHC,-58.928999999999995,254.2
211,2011,1082324,74470000,6356000,-18252000,28968000.0,4131000,14847000,-6690000,-6215000,VHC,-58.928999999999995,254.2
214,2011,1124804,680649000,510757000,268754000,-95674000.0,-143639000,28350000,136544000,73609000,MDRX,-26.776,254.2
215,2011,789933,1375100000,891200000,155200000,-32700000.0,-42000000,76700000,174100000,162100000,NC,291.54,254.2
216,2011,1403431,44474000,28932000,4903000,45615000.0,21141000,-19571000,2496000,1474000,HCCI,111.311,254.2
217,2011,1075736,21552000,13171000,-1648000,-2396000.0,-1505000,-5549000,-5891000,-6230000,CXDO,130.137,254.2
