,year,CIK,AssetsCurrent,LiabilitiesCurrent,NetCashProvidedByUsedInOperatingActivities,NetCashProvidedByUsedInInvestingActivities,NetCashProvidedByUsedInFinancingActivities,CashAndCashEquivalentsPeriodIncreaseDecrease,OperatingIncomeLoss,NetIncomeLoss,ticker,10yrReturns,SPY
67,2011,63296,369846000,161741000,95564000,-106812000.0,10403000,556000,118516000,72372000,MATW,-5.71,254.2
68,2011,897723,2629246000,1265885000,234908000,-98105000.0,-88954000,47476000,211997000,68917000,SANM,160.394,254.2
69,2011,90168,39658000,14434000,10220000,-22713000.0,283000,-12210000,10855000,7449000,SIF,-43.791999999999994,254.2
77,2011,1074828,1662909,4865384,-1312291,-107633.0,1428300,8376,-2259491,-2409756,KNWN,-95.771,254.2
78,2011,1124941,678865000,268034000,79290000,-47832000.0,-5045000,25891000,103742000,59220000,BECN,120.901,254.2
79,2011,844059,34694000,18232000,20601000,-11603000.0,-5123000,3875000,14369000,12211000,FRPH,70.904,254.2
87,2011,47217,51021000000,50442000000,12639000000,-13959000000.0,-1566000000,-2886000000,9677000000,7074000000,HPQ,63.076,254.2
88,2011,1117171,197228929,302600446,35318299,-31045559.0,-2800346,2269604,-14172489,-24537364,CBAT,-47.143,254.2
89,2011,936395,1332838000,453493000,-90485000,-68570000.0,13202000,-146791000,-163193000,-195521000,CIEN,135.744,254.2
97,2011,716688,2297142,639032,466023,-281302.0,-392555,-207834,207069,242915,MFCO,-19.185,254.2
98,2011,1069533,31004245,31027444,10683344,-7589102.0,-1888443,1205799,9313046,4653473,RGCO,235.927,254.2
99,2011,1048268,161124000,98287000,-11852000,15343000.0,-838000,2653000,-35348000,-37693000,IESC,1174.648,254.2
100,2011,1492617,4,16760,-16413,0.0,14481,-1932,-27256,-27256,PGLO,-99.45,254.2
101,2011,788329,176445000,65000000,30980000,-13323000.0,-8648000,11198000,17670000,32644000,JOUT,827.58,254.2
102,2011,808326,91351000,67058000,-6289000,-15286000.0,17887000,-4346000,-32527000,-34219000,EMKR,53.696999999999996,254.2
