,year,CIK,AssetsCurrent,LiabilitiesCurrent,NetCashProvidedByUsedInOperatingActivities,NetCashProvidedByUsedInInvestingActivities,NetCashProvidedByUsedInFinancingActivities,CashAndCashEquivalentsPeriodIncreaseDecrease,OperatingIncomeLoss,NetIncomeLoss,ticker,10yrReturns,SPY
110,2011,30831,15644122,6207295,3766380,-1780194.0,-1745126,367874,2243835,1348734,DYSL,-78.542,254.2
118,2011,1502152,21942,31625,-52480,0.0,65500,13020,-54105,-54105,GSTC,-100.0,254.2
126,2011,40570,7108000,6121000,-2290000,-284000.0,1943000,-631000,556000,358000,JOB,-78.444,254.2
134,2011,12040,8293000,6473000,4352000,-4172000.0,-2363000,-2183000,3127000,1449000,BDL,146.159,254.2
135,2011,1397016,8011000,1795000,1114000,-31000.0,-599000,484000,78000,591000,OPXS,-88.909,254.2
136,2011,1497649,714818,255087,477266,-3398308.0,3217349,296307,330404,-1109397,GSTX,-98.44500000000001,254.2
137,2011,1174891,12998,71513,-52996,1.0,35000,-18550,-57658,68857,BUUZ,-99.82900000000001,254.2
145,2011,810136,305207000,95901000,136553000,-100737000.0,54525000,90983000,75467000,16229000,PLAB,83.75200000000001,254.2
146,2011,797465,62522000,16456000,-7307000,-4407000.0,1882000,-9832000,-6779000,-5025000,STLY,-60.12,254.2
147,2011,1304161,9607782,2523637,2140273,-123111.0,-25162,1999557,3451998,3158981,PBSV,559.082,254.2
155,2011,1081745,68,81832,-83871,-22061.0,106000,68,-10149,-15812,INLX,-98.94,254.2
156,2011,1181749,27542361,13680184,11879586,-50020.0,-9429231,2400335,12165367,12291856,GFGY,16.128999999999998,254.2
157,2011,1177394,2438415000,1372253000,219153000,-126388000.0,-114443000,-20467000,256228000,150331000,SNX,435.964,254.2
158,2011,94845,1743221000,872261000,1848000,-140957000.0,77707000,-65184000,336393000,137953000,LEVI,-10.706,254.2
159,2011,1393883,83603000,83972000,64494000,-10614000.0,-41595000,12207000,54947000,34100000,DHX,-84.663,254.2
