,year,CIK,AssetsCurrent,LiabilitiesCurrent,NetCashProvidedByUsedInOperatingActivities,NetCashProvidedByUsedInInvestingActivities,NetCashProvidedByUsedInFinancingActivities,CashAndCashEquivalentsPeriodIncreaseDecrease,OperatingIncomeLoss,NetIncomeLoss,ticker,10yrReturns,SPY
160,2011,1272830,124770000,204955000,146786000,-37604000.0,-130138000,-20071000,116350000,409044000,VG,447.82599999999996,254.2
161,2011,1048286,1324000000,2558000000,1089000000,-247000000.0,-1245000000,-403000000,526000000,198000000,MAR,257.02799999999996,254.2
162,2011,45012,11577000000,4121000000,3684000000,-3190000000.0,833000000,1300000000,4737000000,2839000000,HAL,-45.583,254.2
163,2011,1141391,7741000000,4217000000,2684000000,-748000000.0,-1215000000,667000000,-10000000,19000000,MA,1578.084,254.2
164,2011,65759,19016,1673,1468,-1807.0,-258,-597,2416,1643,MPAD,106.728,254.2
165,2011,1051470,599152000,402106000,643454000,-399865000.0,-275712000,-32411000,176846000,48911000,CCI,357.762,254.2
166,2011,1306830,2703000000,1385000000,638000000,-441000000.0,-253000000,-58000000,690000000,607000000,CE,250.177,254.2
167,2011,1047127,996830000,642186000,516832000,-430534000.0,-58877000,29633000,193670000,91808000,AMKR,100.654,254.2
168,2011,50863,25872000000,12028000000,20963000000,-10301000000.0,-11100000000,-433000000,17477000000,12942000000,INTC,222.657,254.2
169,2011,931148,731950000,277253000,76597000,-161966000.0,85461000,92000,166009000,153184000,EAF,-19.301,254.2
170,2011,20520,1270030000,1183216000,1572681000,-762672000.0,-735178000,74831000,230457000,42247000,FYBR,0.0,254.2
171,2011,877890,1373030000,1179130000,679122000,-451181000.0,-292614000,-62866000,135814000,108699000,CTXS,143.887,254.2
172,2011,21344,25497000000,24283000000,9474000000,-2524000000.0,-2234000000,4286000000,10154000000,8572000000,KO,120.73899999999999,254.2
173,2011,1408075,1314100000,645500000,387800000,-211800000.0,-42200000,133100000,63100000,265600000,GPK,372.445,254.2
200,2011,1013462,740033000,438751000,307661000,-291643000.0,-9676000,-651000,265559000,180675000,ANSS,580.3689999999999,254.2
