,year,CIK,AssetsCurrent,LiabilitiesCurrent,NetCashProvidedByUsedInOperatingActivities,NetCashProvidedByUsedInInvestingActivities,NetCashProvidedByUsedInFinancingActivities,CashAndCashEquivalentsPeriodIncreaseDecrease,OperatingIncomeLoss,NetIncomeLoss,ticker,10yrReturns,SPY
218,2011,1092662,8991582,2857626,2268408,-726680.0,-667125,874603,1087887,6208791,CEMI,54.57300000000001,254.2
219,2011,102752,178447000,107324000,34260000,-182921000.0,143348000,-5313000,36680000,20552000,VSEC,148.67600000000002,254.2
220,2011,1040161,26097000,12887000,-735000,11836000.0,-12881000,-1780000,-7805000,-6566000,PXLW,-23.243,254.2
221,2011,1062822,285790000,21390000,-87938000,69955000.0,157084000,139101000,-114095000,-116215000,LXRX,-66.476,254.2
222,2011,906553,342894000,472020000,253510000,-362787000.0,142410000,33133000,233104000,-3854000,BYD,298.712,254.2
223,2011,2098,46522364,8704020,2063068,-4169552.0,3428433,1251927,4284964,2811193,ACU,294.974,254.2
224,2011,886744,125625000,13444000,-62392000,32139000.0,386000,-29867000,-96116000,-96853000,GERN,-67.214,254.2
225,2011,1069878,102054000,120628000,33847000,-9367000.0,-47224000,-22744000,2171000,-11588000,TREX,2508.792,254.2
226,2011,868278,13195000,7853000,-2108000,-134000.0,-449000,-2691000,-2738000,-2710000,PRPH,1344.033,254.2
227,2011,45919,275517000,205069000,60665000,-17551000.0,-42178000,782000,75406000,44198000,HHS,-96.934,254.2
228,2011,1078207,58087000,38648000,4598000,-852000.0,-32000,3131000,3599000,1420000,NLS,864.249,254.2
229,2011,1322439,55890837,69121710,58296117,-157786210.0,-4556384,-104046477,31668291,-14819749,EGLE,-99.961,254.2
230,2011,874238,164023000,69285000,20988000,-42706000.0,-11352000,-33070000,14766000,-35900000,STRL,32.543,254.2
231,2011,1162461,106095000,17020000,-5168000,5287000.0,1382000,1501000,-10432000,-10061000,CUTR,172.874,254.2
232,2011,902791,128957000,79318000,31355000,-4176000.0,-8532000,18647000,3934000,14318000,BBSI,395.212,254.2
233,2011,1220754,158093398,106886803,31038238,-14615765.0,-34455563,-18076783,36639165,16940194,MODV,773.1320000000001,254.2
234,2011,1289340,34236171,40832389,-31569278,-1031749.0,11307127,-21293900,-31941208,-32031175,STXS,-85.61,254.2
235,2011,749647,31508485,6152424,-22742437,-11087088.0,52836463,19006938,-23018769,-23222678,CLSN,-99.423,254.2
236,2011,891532,51775000,40226000,20759000,-12985000.0,4180000,11954000,11737000,14064000,PESI,-31.429000000000002,254.2
237,2011,814549,63817000,49779000,71286000,-13320000.0,-55537000,299000,68748000,71378000,EBIX,69.299,254.2
246,2011,29332,100999000,34582000,5054000,-6735000.0,1735000,54000,5668000,986000,DXYN,-31.635,254.2
247,2011,822411,6744454,1761289,-6383742,-84392.0,7801526,1333392,-8625502,-5719903,IMUC,0.0,254.2
248,2011,8328,10524447,3948611,-4699735,-270387.0,13498318,8528196,-7167107,-7482636,AMNL,-94.792,254.2
312,2011,1080340,7264363,1501103,381297,-1404880.0,859465,-164118,369077,256524,LOAN,579.115,254.2
313,2011,1054274,603908,337193,-2196825,73209.0,990000,-1133616,-13848673,-13853203,ADYX,-99.86,254.2
314,2011,1411036,41599,3434145,-280510,0.0,274537,-5973,5798181,7409364,CLTH,-55.556000000000004,254.2
315,2011,1358099,299731,427415,-73187,0.0,370420,297233,-86958,-116622,UCIX,-95.875,254.2
316,2011,1358099,299731,427415,-73187,0.0,370420,297233,-58925,-88589,UCIX,-95.875,254.2
323,2011,708821,77010000,38565000,11001000,-8361000.0,-1579000,967000,-20792000,-15532000,PAR,907.191,254.2
324,2011,1088034,4086922,4298666,2404869,-4880.0,300000,2699989,372999,351848,USIO,816.667,254.2
325,2012,912615,596992000,233466000,282702000,55292000.0,-532347000,-194984000,284725000,185251000,URBN,7.3870000000000005,353.76500000000004
326,2011,1127993,35612,545818,-162007,0.0,175000,12993,-257398,-570302,GAXY,-99.907,254.2
327,2012,895447,316261000,75760000,30875000,-21155000.0,689000,10409000,42137000,26382000,SCVL,451.41200000000003,353.76500000000004
328,2011,1132509,232,354845,-21900,0.0,21850,-50,-379217,-475515,NNAX,25.0,254.2
329,2012,1223389,452558000,94674000,64517000,-4386000.0,-64843000,-4712000,29701000,-3723000,CONN,105.57900000000001,353.76500000000004
330,2011,1415332,1044125,21730,-487498,-26214.0,84984,-428728,-610168,-590911,LTUM,-0.769,254.2
338,2011,1140102,5437131,3601059,-627321,-128664.0,220000,-535985,886536,853903,HQI,127.216,254.2
339,2012,798081,73707953,9453188,-4459,-4871932.0,4616379,-242031,1437567,-376825,LAKE,129.989,353.76500000000004
340,2011,1393772,3356,243116,-123736,0.0,122636,-1100,2086635,2090135,BUDZ,-90.833,254.2
341,2011,1514443,372411,844992,-65566,-47016.0,256290,143708,-1142453,-1171921,AGSS,-93.10300000000001,254.2
349,2012,730255,39789000,23601000,12432000,-510000.0,-10562000,1360000,7370000,5218000,CAMP,66.511,353.76500000000004
350,2011,819689,9010271,2891593,926488,-3186060.0,-344659,-2604231,-1218783,-1337472,MICR,-39.273,254.2
351,2012,724910,26170233,1667905,12811910,-12219619.0,36,592327,14273048,11381095,NVEC,88.047,353.76500000000004
352,2012,914122,82434000,39486000,-190000,-10068000.0,-1866000,-12509000,-5091000,-4987000,PPIH,23.994,353.76500000000004
356,2012,1172178,170020,4457613,-1164147,-29656.0,249357,-944446,-2115952,-2461459,LBSR,-96.491,353.76500000000004
357,2012,1439288,1018300000,467300000,139300000,-324200000.0,93200000,-93000000,241800000,29900000,ZWS,84.205,353.76500000000004
358,2012,1295947,147035000,63923000,67452000,-662206000.0,600434000,5681000,102823000,37212000,PBH,426.21500000000003,353.76500000000004
359,2012,91668,11493000,1858000,876000,-431000.0,1000,446000,744000,746000,SODI,301.733,353.76500000000004
360,2012,1164256,626778,3848154,-37700,-231388.0,285100,16012,-795870,-1596208,DBRM,-29.412,353.76500000000004
361,2012,10254,10006000,3434000,5278000,-2467000.0,-84000,2727000,3862000,3279000,ESTE,-26.154,353.76500000000004
