,year,CIK,AssetsCurrent,LiabilitiesCurrent,NetCashProvidedByUsedInOperatingActivities,NetCashProvidedByUsedInInvestingActivities,NetCashProvidedByUsedInFinancingActivities,CashAndCashEquivalentsPeriodIncreaseDecrease,OperatingIncomeLoss,NetIncomeLoss,ticker,10yrReturns,SPY
369,2012,927355,165763400,99983600,21745500,-6513700.0,-5198400,10033400,27003800,16436900,TESS,-30.84,353.76500000000004
370,2012,67347,427531000,297551000,45758000,-65010000.0,18754000,-1485000,67524000,38461000,MOD,3.7740000000000005,353.76500000000004
378,2012,931059,8294000,582000,-3108000,3328000.0,0,245000,-2515000,-1429000,RNVA,-100.0,353.76500000000004
386,2012,709283,281221000,210053000,45660000,-21974000.0,-48353000,-24749000,5192000,-8809000,QMCO,-68.386,353.76500000000004
394,2012,1372183,61056,14607206,-4822423,-305000.0,4720595,-406828,-13957397,-13651066,NXTP,-96.38,353.76500000000004
395,2012,915779,229006000,109173000,20038000,-18753000.0,-26284000,-24885000,10275000,8489000,DAKT,-25.691999999999997,353.76500000000004
396,2012,1173204,63393000,60436000,39938000,-17315000.0,-15528000,7095000,15194000,-23040000,CIDM,-91.19699999999999,353.76500000000004
397,2012,102109,11786272,1293765,-3823293,556870.0,-275896,-3542319,-1449572,-503288,UUU,-36.413000000000004,353.76500000000004
405,2012,1289636,8143468,1494182,1604135,-1487628.0,0,225491,4367617,3187771,PFIE,44.986,353.76500000000004
406,2012,65270,240433000,91877000,24825000,-32097000.0,37899000,29352000,11357000,8383000,MEI,559.402,353.76500000000004
407,2012,924805,41210068,20046765,15278079,136255136.0,-109269699,42263516,-23963932,-139216221,FRHC,774.0,353.76500000000004
408,2012,1053369,1497840,4549109,-394082,-657790.0,-105580,-1157451,-1966138,-15058274,ELTP,-66.667,353.76500000000004
409,2012,794619,131102000,59221000,16053000,-9918000.0,5065000,11200000,-33446000,-20786000,AMWD,361.351,353.76500000000004
410,2012,923601,5277443,6291220,-237484,-165216.0,-4547,-407247,470912,463116,MICS,92.308,353.76500000000004
411,2011,1013880,478282000,170011000,113799000,-86931000.0,15891000,36986000,93454000,74174000,TTEC,290.946,254.2
412,2012,1285785,6581100000,1917700000,2705800000,-1627400000.0,-1061100000,-95400000,2611100000,1930200000,MOS,-9.030000000000001,353.76500000000004
420,2012,34956,2631032,3126870,-8278366,-261146.0,9467440,927928,8220197,15712410,TENX,-99.81700000000001,353.76500000000004
421,2012,1084765,228235000,61651000,36370000,-20528000.0,-49109000,-34500000,73092000,41142000,RGP,119.756,353.76500000000004
422,2012,1165320,7249,1269516,-96518,0.0,51000,-45518,-102841,-14763,GBLX,-98.667,353.76500000000004
423,2012,1123360,1248739000,837285000,-173475000,-150433000.0,-218186000,-573010000,9811000,5086000,GPN,499.07399999999996,353.76500000000004
431,2012,1002638,789274000,476513000,266490000,-281539000.0,302584000,275607000,149360000,125174000,OTEX,316.699,353.76500000000004
439,2012,1137789,6310000000,3396000000,3262000000,-1114000000.0,-3118000000,-970000000,3108000000,2862000000,STX,1025.385,353.76500000000004
440,2012,80424,21910000000,24907000000,13284000000,-1093000000.0,-10410000000,1668000000,3063000000,3631000000,PG,229.651,353.76500000000004
441,2012,1399855,37252000,12667000,12857000,-9381000.0,-13534000,-10058000,9160000,5049000,NAUH,-98.68900000000001,353.76500000000004
442,2012,109563,665762000,230169000,90422000,-39434000.0,-60816000,-12650000,168395000,108779000,AIT,254.02,353.76500000000004
443,2011,1075857,297712,2115039,-20580,0.0,41287,20707,-687802,-1761019,VSYM,-92.0,254.2
444,2012,1114925,21831000,9904000,-2523000,-639000.0,8700000,5538000,-2788000,-3040000,LTRX,249.362,353.76500000000004
452,2012,910406,448808000,202809000,121960000,-270664000.0,147423000,2378000,151528000,79225000,HAIN,134.71800000000002,353.76500000000004
453,2012,96536,20981560,7181252,-1113720,-1556239.0,550377,-2119582,2887081,2198931,TAYD,37.547999999999995,353.76500000000004
454,2012,842023,346507000,35750000,126746000,-21668000.0,-64625000,39062000,166209000,112331000,TECH,691.6890000000001,353.76500000000004
455,2012,1040470,10928000,4855000,-4875000,1330000.0,1576000,-1947000,-4507000,-3389000,AEHR,3864.407,353.76500000000004
456,2012,918965,1031930000,498401000,59958000,-12790000.0,-42292000,426000,113516000,74288000,SCSC,0.254,353.76500000000004
457,2012,1387467,193781000,63919000,32881000,-57931000.0,20462000,-4542000,16735000,12917000,AOSL,676.654,353.76500000000004
458,2011,1042187,23300969,17688994,817973,-1106907.0,-135465,-423351,1437702,483910,CTIB,-69.51,254.2
459,2011,1095981,43337000,7821000,-35323000,-560000.0,20137000,-15746000,-29412000,-32451000,PSTV,-99.995,254.2
460,2012,1477246,17423189,1903263,34124,-543484.0,5006311,4496951,619614,374835,SANW,-37.413000000000004,353.76500000000004
461,2011,1419995,315667,3383600,-2885668,10641.0,2800423,-74604,-4313761,-4472848,DNAX,-100.0,254.2
462,2012,65312,10555618,2575932,38053,-65446.0,-351687,-379080,808738,511689,EVI,4096.897,353.76500000000004
464,2012,918251,168231000,170419000,-38488000,-1591000.0,70182000,30140000,-27487000,-48514000,MPAA,127.49999999999999,353.76500000000004
465,2012,1368275,353048,119677,-340757,-40460.0,695696,313202,-305240,-305309,WESC,-99.8,353.76500000000004
473,2011,737207,2576000,4639000,-16117000,3000.0,16024000,-90000,-34995000,-29424000,ATRX,-99.97500000000001,254.2
474,2012,1422892,9786401,8032427,-355667,-42680.0,-28097,-445495,-2924314,-1768075,SGLY,-52.613,353.76500000000004
475,2012,912603,516819000,178842000,244790000,-84266000.0,-120052000,40401000,-1367000,-485000,SCHN,58.748,353.76500000000004
483,2011,1083490,8591116,22370788,-4875740,-2622980.0,5840436,-1596904,-825188,-1416822,SRRE,-7.785,254.2
491,2011,914208,3834100000,2974400000,964800000,348100000.0,-1322100000,-9200000,898100000,729700000,IVZ,1.119,254.2
492,2012,1512927,1491618,1137964,-344495,-24557.0,304872,-39002,-376646,-103468,CUII,650.0,353.76500000000004
493,2012,1379006,14589159,1779615,-4217986,-58552.0,9327500,5050962,-6081749,-6207207,NNVC,-90.667,353.76500000000004
494,2012,1409624,156552,1013383,103763,-26022.0,0,77741,-42099,-112947,HMLA,-99.7,353.76500000000004
495,2012,897723,2326299000,1219547000,215413000,-78027000.0,-366813000,-230670000,137490000,180234000,SANM,335.54400000000004,353.76500000000004
496,2012,829224,4199600000,2209800000,1750300000,-974000000.0,-745500000,40500000,1997400000,1383800000,SBUX,508.976,353.76500000000004
497,2012,1260221,1050531000,233915000,413885000,-876292000.0,527186000,64341000,699775000,324969000,TDG,1220.1129999999998,353.76500000000004
498,2012,1124941,630775000,295949000,85361000,-157035000.0,-31824000,-102822000,143672000,75565000,BECN,173.56,353.76500000000004
506,2012,1005210,338280000,253715000,110973000,-239758000.0,113549000,-15236000,42901000,1882000,SPH,-17.749000000000002,353.76500000000004
507,2012,63296,385225000,180873000,82123000,-45274000.0,-40971000,-3403000,21852000,12975000,MATW,34.312,353.76500000000004
508,2012,784539,31201000,13815000,2889000,700000.0,-2313000,1200000,4322000,2420000,EACO,1035.135,353.76500000000004
509,2012,1443388,0,612744,-779799,0.0,668000,-111799,-1132465,-1238054,GRYN,-99.981,353.76500000000004
510,2012,716688,1926819,377683,86598,-192398.0,-130068,-235868,9046,75801,MFCO,11.622,353.76500000000004
518,2012,936395,1415690000,684970000,107089000,-11977000.0,7940000,100548000,-79846000,-144021000,CIEN,521.027,353.76500000000004
